# Blender v2.78 (sub 0) OBJ File: 'oven_open.blend'
# www.blender.org
mtllib oven_door_open.mtl
o Cube.009_Cube.007
v -1.000000 -0.765294 -0.554649
v -1.000000 0.080198 -2.029486
v -1.000000 -0.938804 -0.654119
v -1.000000 -0.093312 -2.128955
v -0.600000 -0.765294 -0.554649
v -0.600000 0.080198 -2.029486
v -0.600000 -0.938804 -0.654119
v -0.600000 -0.093312 -2.128955
vn -1.0000 0.0000 0.0000
vn 0.0000 -0.8676 -0.4973
vn 1.0000 -0.0000 0.0000
vn 0.0000 0.8676 0.4973
vn 0.0000 -0.4973 0.8676
vn 0.0000 0.4973 -0.8676
usemtl None
s off
f 2//1 4//1 3//1 1//1
f 4//2 8//2 7//2 3//2
f 8//3 6//3 5//3 7//3
f 6//4 2//4 1//4 5//4
f 1//5 3//5 7//5 5//5
f 6//6 8//6 4//6 2//6
o Cube.005_Cube.007
v -1.000000 -0.767781 -0.550311
v -1.000000 -0.568842 -0.897332
v -1.000000 -0.941291 -0.649781
v -1.000000 -0.742352 -0.996801
v 1.000000 -0.767781 -0.550311
v 1.000000 -0.568842 -0.897332
v 1.000000 -0.941291 -0.649781
v 1.000000 -0.742352 -0.996801
vn -1.0000 0.0000 0.0000
vn 0.0000 -0.8676 -0.4973
vn 1.0000 0.0000 0.0000
vn 0.0000 0.8676 0.4973
vn 0.0000 -0.4973 0.8676
vn 0.0000 0.4973 -0.8676
usemtl None
s off
f 10//7 12//7 11//7 9//7
f 12//8 16//8 15//8 11//8
f 16//9 14//9 13//9 15//9
f 14//10 10//10 9//10 13//10
f 9//11 11//11 15//11 13//11
f 14//12 16//12 12//12 10//12
o Cube.003_Cube.007
v -1.000000 -0.121228 -1.678128
v -1.000000 0.077711 -2.025148
v -1.000000 -0.294738 -1.777597
v -1.000000 -0.095799 -2.124618
v 1.000000 -0.121228 -1.678128
v 1.000000 0.077711 -2.025148
v 1.000000 -0.294738 -1.777597
v 1.000000 -0.095799 -2.124618
vn -1.0000 0.0000 0.0000
vn 0.0000 -0.8676 -0.4973
vn 1.0000 0.0000 0.0000
vn 0.0000 0.8676 0.4973
vn 0.0000 -0.4973 0.8676
vn 0.0000 0.4973 -0.8676
usemtl None
s off
f 18//13 20//13 19//13 17//13
f 20//14 24//14 23//14 19//14
f 24//15 22//15 21//15 23//15
f 22//16 18//16 17//16 21//16
f 17//17 19//17 23//17 21//17
f 22//18 24//18 20//18 18//18
o Cube.008_Cube.007
v 0.600000 -0.765294 -0.554649
v 0.600000 0.080198 -2.029486
v 0.600000 -0.938804 -0.654119
v 0.600000 -0.093312 -2.128955
v 1.000000 -0.765294 -0.554649
v 1.000000 0.080198 -2.029486
v 1.000000 -0.938804 -0.654119
v 1.000000 -0.093312 -2.128955
vn -1.0000 -0.0000 0.0000
vn 0.0000 -0.8676 -0.4973
vn 1.0000 0.0000 0.0000
vn 0.0000 0.8676 0.4973
vn 0.0000 -0.4973 0.8676
vn 0.0000 0.4973 -0.8676
usemtl None
s off
f 26//19 28//19 27//19 25//19
f 28//20 32//20 31//20 27//20
f 32//21 30//21 29//21 31//21
f 30//22 26//22 25//22 29//22
f 25//23 27//23 31//23 29//23
f 30//24 32//24 28//24 26//24
